367 0
689 3
284 1
88 1
769 0
165 3
365 1
33 0
255 3
609 3
36 3
173 0
765 1
393 3
667 0
68 1
343 0
266 2
526 1
549 2
623 3
430 3
137 2
301 3
235 3
479 0
78 1
533 1
628 0
390 2
242 1
468 3
811 0
696 2
16 0
274 3
774 2
531 1
315 3
329 2
316 1
690 0
630 2
732 0
182 2
530 0
772 0
814 1
673 0
27 1
240 1
455 1
18 3
13 2
522 1
802 2
675 0
446 0
401 2
178 0
103 0
333 2
550 1
408 2
597 2
798 2
727 3
743 0
364 1
128 0
422 2
55 1
661 3
688 2
418 3
493 0
112 0
712 3
222 3
136 2
587 0
30 2
389 0
510 2
117 0
83 3
497 3
249 3
209 3
570 0
547 0
49 1
384 2
693 2
742 1
109 1
373 2
449 1
789 0
618 1
465 2
790 0
4 0
780 3
246 1
326 3
805 1
596 0
759 3
503 3
298 3
527 1
12 0
56 1
556 2
125 0
428 0
82 0
481 2
84 3
457 2
317 2
328 1
239 0
325 0
611 0
745 3
823 1
539 1
821 2
475 3
598 2
213 3
87 0
516 0
307 3
808 2
749 2
289 1
826 0
11 0
234 2
722 2
260 1
161 2
716 1
221 3
238 3
756 2
310 1
607 2
229 3
637 3
794 2
771 1
65 1
230 0
192 2
341 3
179 0
415 2
602 3
590 3
405 3
726 2
148 1
215 1
489 0
737 2
800 2
252 3
275 2
686 3
253 0
273 1
704 1
616 2
461 3
162 0
90 0
225 2
283 3
345 0
207 2
59 3
444 3
245 0
258 2
605 2
295 0
294 3
402 3
473 0
625 1
53 1
185 3
72 0
195 0
174 1
538 1
792 1
793 0
467 3
169 0
236 0
160 3
614 0
477 1
321 0
434 1
205 2
292 3
204 3
154 0
580 3
633 3
111 1
338 3
228 2
194 3
226 3
156 2
375 1
750 3
703 0
261 2
746 1
784 2
684 0
269 1
453 1
40 2
691 2
562 2
124 2
147 1
167 1
302 3
641 2
707 0
824 3
362 0
820 0
700 3
99 1
130 1
645 2
659 3
155 1
441 0
313 0
718 0
438 2
216 2
654 1
744 2
426 3
775 2
470 1
217 1
139 3
232 0
515 2
318 0
60 1
267 3
48 2
424 1
553 3
75 3
529 2
398 3
491 3
701 0
501 2
671 0
76 3
496 2
28 0
615 3
734 2
233 1
406 0
582 0
8 2
104 2
396 2
86 3
144 1
566 0
507 0
593 2
723 0
569 3
810 3
113 1
272 2
89 1
368 2
660 0
748 3
186 3
548 3
34 2
653 3
189 3
409 3
410 1
679 3
357 2
300 3
568 2
126 0
705 1
803 1
555 1
69 3
142 2
381 3
248 0
681 3
2 3
146 0
677 1
264 1
729 0
646 2
10 1
347 3
14 2
45 1
486 1
786 0
813 3
546 0
196 2
342 0
612 1
476 0
17 1
286 2
586 2
181 2
435 1
463 2
436 2
193 0
649 3
92 2
668 2
190 0
212 0
717 2
377 3
647 2
279 2
350 1
655 0
440 3
777 3
170 1
159 3
371 2
445 2
469 3
290 3
752 3
498 0
815 1
397 1
63 3
412 1
22 1
306 2
652 2
650 1
809 0
380 3
166 3
608 1
658 1
648 3
7 0
150 0
502 2
452 0
158 2
219 1
583 3
636 2
620 1
711 2
208 3
471 3
349 1
210 1
812 1
532 2
378 3
337 2
241 3
323 0
250 1
595 3
67 0
319 2
134 3
613 2
42 0
38 2
416 0
754 3
105 3
433 2
591 2
386 2
753 3
589 0
585 3
51 3
127 3
517 3
32 1
280 3
400 3
420 2
816 0
282 0
638 2
265 2
243 2
499 3
604 3
621 0
763 3
276 2
360 2
429 1
622 3
520 3
353 3
594 1
271 0
779 1
24 3
361 2
601 2
407 1
490 2
31 0
512 1
270 1
100 0
223 3
817 1
35 2
439 0
528 1
672 0
152 0
171 1
331 0
304 3
419 2
187 0
697 3
110 1
606 3
714 3
485 1
220 3
624 0
366 1
450 2
21 1
447 2
642 2
164 2
572 0
50 2
713 0
782 0
206 0
203 0
359 2
37 2
521 0
610 2
80 1
413 2
23 2
578 0
663 1
694 1
437 0
177 1
676 0
788 3
524 1
543 3
120 0
773 3
278 3
478 1
664 3
561 1
54 2
145 1
751 0
565 2
391 3
699 2
795 1
200 3
257 0
513 2
600 2
708 0
52 2
118 3
354 2
766 3
670 0
5 1
542 1
303 1
149 3
459 3
627 3
640 2
643 2
9 0
308 1
801 0
736 2
247 3
603 3
305 0
495 1
695 0
682 3
132 1
299 1
781 3
504 1
123 1
277 3
93 2
761 3
6 2
787 1
151 0
724 2
376 0
508 0
44 2
352 1
592 2
687 3
372 0
172 1
135 2
363 2
454 2
564 3
785 2
41 1
98 1
519 0
77 0
358 1
263 3
423 1
399 3
738 3
442 3
721 3
291 2
19 3
324 2
348 0
574 1
71 3
698 3
818 1
657 0
66 2
262 0
525 1
180 0
730 0
819 0
571 3
39 0
579 3
448 2
115 1
121 3
106 1
492 3
464 2
97 3
662 1
829 0
29 2
383 0
256 2
388 2
309 0
757 1
488 3
330 3
577 0
140 0
138 1
259 0
224 3
404 3
733 2
768 3
559 2
644 2
237 0
382 1
683 2
791 1
540 3
231 1
254 2
281 0
339 1
588 1
755 3
783 1
101 3
631 0
715 2
218 3
26 2
287 0
462 1
523 2
536 3
567 2
46 2
356 3
702 2
25 3
73 1
199 3
131 0
635 2
728 2
211 1
563 3
188 1
227 1
64 3
665 0
1 3
336 1
573 2
619 2
511 1
157 1
617 0
288 3
312 0
296 0
825 0
116 2
57 1
47 0
332 2
656 1
797 2
141 1
163 1
198 0
369 3
3 2
557 1
632 3
760 2
70 0
334 3
20 2
494 0
545 2
739 2
58 1
427 3
320 2
370 1
740 0
91 1
344 3
807 2
674 3
552 0
94 0
385 2
629 2
480 3
311 3
314 2
119 3
554 2
767 1
355 3
153 3
327 2
432 0
685 1
183 1
431 0
741 1
61 3
285 0
95 2
576 1
191 0
176 0
335 1
443 1
425 0
806 3
484 0
506 1
731 0
551 1
709 0
626 1
487 2
719 0
122 0
411 2
706 2
168 3
764 0
251 3
692 3
666 3
15 0
669 0
197 0
244 1
466 0
639 2
79 3
483 1
322 0
456 2
634 0
678 3
108 3
175 0
395 2
822 2
114 3
776 0
293 2
417 2
387 2
804 1
43 2
394 1
796 1
374 3
107 0
379 0
534 3
74 3
758 2
458 3
720 0
184 1
201 2
351 0
421 2
474 0
202 1
581 0
584 0
762 3
827 0
560 1
392 0
346 2
680 1
599 2
414 3
268 2
143 2
537 1
403 3
710 3
558 3
541 0
472 0
828 2
96 1
85 1
778 2
102 3
651 1
297 1
214 0
514 1
509 3
129 1
482 3
518 0
747 0
725 3
770 0
62 0
575 2
451 1
799 0
460 3
535 3
544 3
340 0
505 0
81 0
500 2
735 0
133 3
