829 1476
1 1 0.36261309141671466
1 2 0.23642462373191092
1 3 0.08540073080166272
1 4 0.04450972965869604
2 5 0.30204768914099883
2 6 0.26195138004572427
2 7 0.38212386027095474
2 8 0.2699496725654722
2 9 0.23868594148522454
2 10 0.10661994657562979
2 11 0.13868501118376464
2 12 0.17578500259482138
2 13 0.32016048219631693
2 14 0.393940935382798
2 15 0.38514396657161015
2 16 0.41552643738890316
2 17 0.0018052687409422785
2 18 0.47530399854629857
2 19 0.018455389227218788
2 20 0.230002047611499
2 21 0.4796409273915099
2 22 0.33332966830970495
2 23 0.2550353526595088
2 24 0.1680639592488713
2 25 0.10593427053700855
2 26 0.21225504848995203
3 27 0.1557916450352601
4 24 0.10293701939103955
5 19 0.24995311200670806
6 28 0.09373096846963641
7 29 0.3767147071420907
8 30 0.13657745663331844
9 31 0.40706349276357046
10 32 0.19191291434612362
10 33 0.4261342700157259
10 34 0.2205592681775868
10 35 0.4380979430799562
10 36 0.25914382609623315
10 37 0.13313002991941364
10 38 0.08365152305890083
10 39 0.12579045623658086
11 31 0.41408571565302565
12 40 0.4197476095987604
12 41 0.07314400554148759
12 42 0.12540680153964878
13 42 0.26201554958189704
14 42 0.32626407608708174
15 43 0.28039889240284277
16 44 0.403205148561467
17 45 0.3437668406008511
17 46 0.17670947718043578
17 47 0.20040226326852723
17 48 0.3218518810865485
17 49 0.3209713672589066
18 50 0.14193457410897015
19 51 0.40997786288705335
20 51 0.2927018881403684
21 52 0.008633155163088324
21 53 0.24756923959617544
22 54 0.314130404996447
23 55 0.15468266941081593
24 56 0.496817003626959
25 56 0.03758939242006487
26 57 0.3574516976578546
27 58 0.17980194038464953
28 59 0.32201418304101476
29 60 0.2713834465512676
30 61 0.2889326322708215
31 62 0.23377382427772542
32 63 0.01116704884656966
33 8 0.16182737044524387
33 10 0.30382459923260774
34 64 0.2503184077892874
35 63 0.455216437804902
36 65 0.2901922413448642
37 66 0.11539280169468902
37 67 0.14837254063810462
37 65 0.20948710756030836
37 68 0.008740820458205123
37 69 0.16592358567930088
37 70 0.17833980875603328
37 71 0.1891489365762552
37 72 0.329253320729195
38 73 0.09591999566261178
39 22 0.4339622891302814
40 74 0.2373617465583991
40 75 0.26411162264733895
41 76 0.3706189780706097
41 75 0.1939744634738943
42 30 0.365355841494022
43 77 0.039240745850442016
44 78 0.3288812135838772
45 79 0.4720701424611278
45 80 0.010811844339970178
46 81 0.10394022206671744
46 82 0.23328141026099863
47 83 0.2455771329888276
48 84 0.04001585086102982
48 24 0.446304484326776
49 85 0.22782340136917673
50 86 0.28722688407784114
51 87 0.24813840491246353
51 88 0.06261835870197313
51 89 0.4512709111746909
51 90 0.42928395350851783
51 91 0.08628831577754476
51 92 0.0011184926201514012
52 93 0.0217133544929603
53 94 0.3887987408060546
54 95 0.16478110097329451
54 96 0.2420443138321513
54 97 0.17715614867026047
54 94 0.4622856598356593
55 79 0.045922206710497515
56 98 0.2606764308457387
56 99 0.42914474603454583
56 100 0.4744282882936744
56 101 0.15554475318535083
56 102 0.11919820469987363
56 103 0.10406530939895808
56 34 0.41405255460828566
56 104 0.036358350060068545
56 105 0.1446036131869629
56 106 0.3166628263046607
56 107 0.10518587258376988
56 108 0.26651943361353625
56 109 0.27259618317521717
56 110 0.21502912661910184
57 50 0.1358062213974489
57 104 0.3826107855402871
57 108 0.3587562450984922
58 50 0.0016511518548269488
58 108 0.2347496594954413
59 110 0.005410687489217358
60 111 0.45058499875029495
61 112 0.031661826594782116
62 113 0.42919902089957457
62 114 0.13026077899150018
62 115 0.43071419136466976
62 116 0.09576072065307534
62 117 0.2688112409751473
62 64 0.11087422836393157
63 118 0.4031993955598728
64 119 0.19136931465667495
65 120 0.005557571303129505
66 36 0.11356021673136873
67 12 0.25940411363391513
67 15 0.05712697145690171
67 16 0.3657344406164633
67 20 0.36886283181421586
68 121 0.3709967264899719
69 35 0.38170469327932066
70 35 0.386296232598076
71 73 0.30210222635601125
72 122 0.1829973065466881
73 28 0.19206643110501115
73 43 0.19567829399468534
74 123 0.4587257887570047
74 122 0.4385376577263765
74 124 0.36937249046496495
74 125 0.18026802134067038
74 90 0.11044099489183351
74 91 0.36865878677597347
74 110 0.2863658822181946
75 126 0.04824288754306699
76 95 0.44783126750758145
77 98 0.2562415264244371
77 127 0.45673811322377467
78 128 0.4383476742693885
78 129 0.06609122398982192
79 130 0.1677333537547796
79 131 0.11144181334881309
79 132 0.14402598982487752
79 133 0.20662709921496197
79 134 0.4137057687857682
79 135 0.26162777099259543
80 78 0.24837718161481775
81 39 0.09859295773698012
82 136 0.25230846954057135
82 39 0.05448770640182776
82 57 0.3159720502297073
83 137 0.033760489354415
84 138 0.39020629584295147
85 139 0.3106746907432108
86 140 0.21621019036411343
87 141 0.37220096023407045
87 142 0.4404655835520507
87 143 0.21079363303569087
87 144 0.45823042042113
88 126 0.23018808328613488
88 145 0.43149766682621615
88 146 0.36705515440330916
88 147 0.3203645092309377
88 148 0.22780274433661424
88 149 0.19496884232183248
88 75 0.243034725915656
88 72 0.2842101084397162
89 150 0.46653112535394103
89 146 0.33312238773571956
89 148 0.4181261047936014
90 20 0.08764670211153375
91 46 0.14551459459291444
92 151 0.3749599006453146
93 3 0.0924043088336653
94 152 0.49076125692755285
95 95 0.366290128050884
96 92 0.36331185342931965
97 28 0.11736987249382119
97 43 0.04874644811003298
98 153 0.09038852884544923
99 154 0.21425777944310576
100 155 0.07050841375200351
101 155 0.2645118555028401
101 70 0.0786979127896511
102 156 0.19205580903170427
103 157 0.15725520778929858
104 158 0.23940090120229957
104 159 0.0250431698118056
105 160 0.2859441576680571
106 161 0.35140338456111325
106 58 0.41222703712228714
106 157 0.4336861306563967
107 162 0.05770682793287979
108 163 0.315099373991261
108 164 0.31091652532690234
108 165 0.4975230402609113
108 166 0.3295349073258431
108 167 0.4854285394795102
108 168 0.28892236423242884
109 165 0.4075467844445869
110 169 0.4581384678566812
111 169 0.05998569570216106
112 170 0.4627855451135124
112 171 0.08813444711263335
112 90 0.2042364002746147
112 172 0.08132924142752518
113 80 0.1950564909829552
114 28 0.17053184197049365
114 95 0.25417931225963775
115 173 0.03133781358722526
115 174 0.4244786126486305
115 175 0.03397565821719489
115 176 0.18154703882890638
115 177 0.15371857154836227
115 178 0.38940050945597293
115 179 0.2763527184014979
115 180 0.1537648309882727
115 181 0.4102213080692563
116 88 0.3314419264893655
117 182 0.43852108873686374
117 183 0.1101997817258164
118 184 0.08236965873231022
119 184 0.4843535166077824
119 185 0.3475854158722571
120 186 0.3312470416529964
121 65 0.2755437598392035
122 187 0.007792884204384232
123 188 0.04349774944568657
124 189 0.28598388162942473
125 190 0.4891669196553305
126 191 0.2762940517478253
127 192 0.3629892816571602
128 193 0.31198477072330705
128 194 0.37003421794962177
128 195 0.3131382795202676
128 196 0.005808706959893051
128 110 0.03381504658634665
128 197 0.08603422759260054
129 193 0.1891137795521951
129 198 0.23831330621165098
129 199 0.2986511063270333
129 200 0.16873984537802883
129 186 0.08624217349084912
130 36 0.40990065743705
131 201 0.2449856682136471
131 189 0.44907946673358884
131 202 0.26754882582432193
131 203 0.40852999661472056
132 182 0.4890994045949311
133 204 0.48403125992457424
134 204 0.3161053288081657
135 205 0.06934311285000333
136 206 0.4928011790459996
137 207 0.3535876159360997
138 208 0.2624506043272399
139 38 0.40483380093663396
140 158 0.3202265377902155
141 209 0.037021513531242334
142 210 0.36633151052977875
143 130 0.16436493057060642
144 211 0.2715652310253651
145 62 0.316354239391449
145 152 0.204176035287999
146 212 0.09941016298056793
146 213 0.13094552599866893
146 214 0.04121002340458446
146 62 0.30836053602253116
146 152 0.18922467713806634
146 215 0.038658507794673835
146 216 0.10387298660952254
146 217 0.13084624007942736
147 218 0.3715922585587498
148 219 0.26463101033184216
149 153 0.09227677783326654
150 187 0.4874823502823911
151 172 0.3930888095402013
152 220 0.3918782749225829
152 189 0.39345110296469965
152 139 0.30068417918838575
153 221 0.014886438858153161
154 39 0.37177173312691014
155 222 0.2691094469997177
155 223 0.12346902234648605
155 224 0.40098143816978554
155 199 0.4946744789386162
155 200 0.24978019533679335
156 56 0.4958476413707236
157 152 0.2069593384192438
158 225 0.2200291865945826
159 101 0.06946935519142117
159 207 0.2626248403428515
159 226 0.15853574848445057
159 227 0.42228311882013037
159 228 0.3918170925263475
159 229 0.07965080710540817
159 230 0.44393046349949256
160 207 0.3156335223728699
161 147 0.44852039751119976
162 231 0.20134234930419243
162 39 0.41383213546672293
163 86 0.22515260842239398
164 232 0.2623819558301249
165 111 0.1039678863124619
166 116 0.29045422057984516
167 233 0.055903800556481864
167 39 0.05106211371330205
168 234 0.4188682333312452
169 235 0.15446725412077755
170 161 0.10665331619626867
171 102 0.35939942868814284
171 236 0.4053486932637063
172 237 0.3129272927214402
173 238 0.24651887254207955
174 222 0.2168425857507565
174 223 0.058581324979645355
174 239 0.05528345288015235
174 240 0.276919971853473
175 228 0.20737857425950162
176 151 0.2551306733234783
177 56 0.04010390376225237
178 43 0.1089201402175139
179 241 0.23213041626448266
180 165 0.010219385144435322
181 242 0.3834227797616122
182 215 0.29851787543496866
183 243 0.49603338004979264
184 232 0.3306799542418148
184 72 0.4404391698488091
185 43 0.05264543986969794
186 22 0.096267751126063
187 216 0.25342464886238264
188 244 0.10835008866364615
189 245 0.3257547275823559
190 246 0.1398247214085679
190 247 0.010019809661477697
190 126 0.09484247625015524
190 248 0.3927106316936701
190 249 0.4247386962020642
190 250 0.48936565187958936
191 57 0.05659821766927342
192 251 0.2753570041537039
193 252 0.0656275324142751
194 253 0.2775141114596433
195 60 0.21277857169916325
196 60 0.4138769829069103
197 254 0.3240604277843993
198 212 0.4657467778419927
199 255 0.17432022966241772
199 256 0.33610357106392513
200 72 0.4757465845191507
201 257 0.09562774485037273
202 245 0.203131934141972
202 218 0.30704419304656827
202 140 0.4403283629166256
203 258 0.12607817519083048
204 259 0.40249915533797814
205 98 0.21952914816566116
206 225 0.1380747305871899
207 260 0.2058744947674837
208 155 0.08410400388521949
209 261 0.1163721172933942
210 225 0.07474820719032088
211 14 0.18236063242479023
212 238 0.32336759624322586
213 262 0.2044888658310805
214 263 0.18867939242313408
214 27 0.45159377917638727
214 264 0.1338678259970036
214 265 0.10979535115389683
214 266 0.3627670723205413
214 238 0.2546740163786527
214 267 0.16826841177584134
215 268 0.2240672598928834
216 264 0.060313088154964
216 268 0.008432761481376616
216 267 0.2716749123010232
217 269 0.26648626644983986
218 270 0.06924766358136064
219 153 0.09907613846768143
219 270 0.39889973612984586
219 271 0.4606495472883207
220 119 0.13857444305708527
220 272 0.2502136349315714
220 273 0.2184756398569394
220 274 0.4178901734935094
220 275 0.10132097525596884
220 276 0.006749688347164773
220 277 0.3436014837119054
220 278 0.4906799168991583
220 279 0.45109191989141345
220 280 0.4891988435160775
220 281 0.4958124568656426
220 282 0.3801760997489329
220 283 0.3418734698435107
220 284 0.4697963988564327
220 285 0.434597937821656
220 286 0.4913868702727105
220 287 0.30444103975425857
221 288 0.24894506810244388
221 81 0.25323594155219076
221 289 0.12195646489698053
221 290 0.3592295035560359
222 291 0.34658119541098886
223 6 0.26419852462035
224 39 0.08462641285456629
225 32 0.3982114050592568
225 292 0.21794051902370842
225 39 0.2853788409826675
226 293 0.012282888546467197
227 294 0.07636405855281325
228 295 0.3254082297897925
229 296 0.13554324048177907
230 225 0.48284550268134013
231 297 0.4712391508919658
232 297 0.18874588746100585
233 116 0.4928201876167453
234 97 0.2923264943956181
235 97 0.1324877974914181
236 298 0.1275212247409096
237 299 0.007195597228084161
238 300 0.15719271803137497
239 78 0.49019320151707424
240 301 0.4871092431591358
241 302 0.12856342873247234
242 303 0.08498739950946188
242 138 0.2531504947687646
242 304 0.3648842393907626
242 305 0.36640691073421155
242 284 0.04566890403151347
243 173 0.22495449526390066
243 306 0.005493245746768016
244 155 0.48398037427731366
244 75 0.09727469591865551
245 307 0.49615310338621926
245 308 0.005799171493796218
245 309 0.03825020046444988
246 112 0.15189815883709618
247 310 0.43147741757860375
247 232 0.22986344868533232
248 311 0.4538771950336014
249 204 0.33380462702986397
249 312 0.16552765066139796
250 43 0.39776821441780796
251 298 0.0765236897572692
252 225 0.41714076218738416
253 313 0.1407652295161006
253 314 0.3924123236258739
254 271 0.38337858377772766
255 138 0.10282104961352717
256 161 0.22311859676406726
257 315 0.14026743618089033
258 316 0.19568136263379715
259 317 0.19782040646499854
260 152 0.06780378991377978
261 318 0.06269549267157054
262 114 0.47564313213423015
263 319 0.005991809788124969
264 263 0.021049203071138833
264 282 0.25262041765288024
265 320 0.15935479572052608
266 321 0.4184349093912715
267 322 0.0671515754158149
267 323 0.18710431784277398
268 324 0.10668427645718837
269 146 0.3935518464093562
269 240 0.14591984395208274
270 206 0.4197441172433296
271 325 0.1202287070591348
272 47 0.14662469017492846
273 326 0.34391605014468196
274 46 0.21834565428181457
275 111 0.4865320941218449
276 225 0.3713248114865287
277 327 0.46250355722074804
277 296 0.0018171750470996617
277 328 0.1380775369875593
277 329 0.2656778765296239
277 330 0.43902496845429434
277 331 0.14084645106615762
277 47 0.09846707524654735
278 95 0.36281407837242297
279 166 0.3777553198965425
280 332 0.4858955728055697
281 63 0.20426737520838056
282 33 0.480839555440925
283 333 0.3006914009155208
283 251 0.3523473136745457
284 101 0.3275543996250431
284 229 0.2769495490863375
285 36 0.37244795013719006
286 24 0.4471073699752395
287 24 0.3259520860223816
288 334 0.35950505152473755
289 36 0.48606209153572727
290 225 0.24304993269829217
291 335 0.3132631044168716
291 334 0.23266028352232676
291 336 0.11774389919438022
291 337 0.2283258743558073
291 77 0.039314181217122046
291 46 0.14970424540764737
291 338 0.4330512662939011
292 339 0.11334128944754851
293 340 0.4686751931357957
294 248 0.4645915752617868
294 257 0.4509188419404314
295 175 0.34953635049506493
296 341 0.110801233644922
297 341 0.08296644200877529
297 107 0.2151297721990465
298 341 0.005091454910583881
299 30 0.07138930310298908
299 77 0.37808942004499496
300 26 0.06422769364971154
301 255 0.3272311193689578
302 50 0.09790033103672346
303 104 0.25916436001416665
303 107 0.12469472619957683
303 108 0.252974231535383
304 78 0.14123657972977055
304 314 0.010682395860440619
304 342 0.017684705642779464
304 23 0.4508811276252206
305 313 0.09710482612928756
305 14 0.3309379208385421
306 43 0.4826324808191191
307 181 0.48652024550670486
308 343 0.08268895527911613
309 17 0.3646688243743726
310 344 0.49138077866432917
311 161 0.3406306483621294
312 345 0.34224854934138266
313 169 0.18438345086959668
313 346 0.45314826481983295
314 343 0.11778844760740292
315 347 0.007343141038114953
315 348 0.3318415811971441
316 71 0.2144395932579941
317 217 0.07621809303747512
318 293 0.12801435662181126
319 82 0.3251575146029072
320 11 0.07938754094567235
321 301 0.320762411967312
322 332 0.464026634153348
323 349 0.3963760293076087
324 300 0.4511906902311319
325 350 0.12266685415936329
326 67 0.4070755794437579
326 65 0.3881047763400146
327 269 0.05420708649841416
328 69 0.0880390581182871
329 248 0.1886754183317393
330 136 0.4136213694111348
331 258 0.019318193666929107
331 39 0.2603931222632405
332 39 0.2945391005422029
333 351 0.48558782839505327
333 352 0.49247790536232705
333 117 0.3250064633735236
333 353 0.08680218229771752
334 241 0.332802087029698
334 322 0.3222917786714746
335 40 0.06743453825931339
335 151 0.4832725102542153
336 40 0.37648758370079294
336 354 0.3833449335627435
336 322 0.46423326903064677
336 355 0.33778768052540287
336 356 0.13763453303761164
336 357 0.3452770099341484
336 46 0.3246272515620961
336 358 0.4841569086392314
336 4 0.018379539285392932
337 67 0.02262410461805814
338 14 0.3732675934979195
338 25 0.49600878113422353
339 161 0.10508592307447445
340 161 0.2614704537366194
341 359 0.28631048096513495
342 360 0.1891191112035378
343 300 0.2649877582982685
343 111 0.010845608377000215
343 361 0.33213980045937863
343 39 0.10969953369448371
344 362 0.38938720457569187
344 363 0.30204042320893587
344 315 0.12871279766094446
344 364 0.28277915099556034
344 365 0.49824888576898124
345 366 0.0015755822513298101
345 367 0.39926372251875164
345 340 0.3170221933283053
345 368 0.21343404436025548
346 95 0.11275253226726639
347 52 0.044410009876332035
348 68 0.4755825719189805
349 290 0.1350689003502722
350 369 0.4485782433084369
351 370 0.09179001235930934
351 129 0.4346578361491332
351 321 0.3105985031708902
351 371 0.06098370299504208
352 372 0.23879773083868616
352 302 0.12028496202339961
352 373 0.24687710953909558
353 374 0.4399942814488093
354 375 0.484833905671421
354 376 0.33051669165656034
355 162 0.4881296304699817
356 79 0.26068605884112694
356 187 0.0791422464812424
356 377 0.026662674951524357
356 14 0.2043907361382034
356 80 0.028804268665643007
356 23 0.0612213726407424
356 378 0.09533486894787963
356 379 0.015018414185457574
356 162 0.3483246490254589
356 380 0.2149274310432217
356 206 0.06407324548638743
357 266 0.4030558692944118
357 381 0.4771808638868963
358 217 0.26948658088451366
359 279 0.4502673137309385
360 24 0.3419418048506368
361 14 0.08861751759094388
361 19 0.3958415240073316
362 220 0.032278196044824015
362 115 0.49611792937606475
362 319 0.38974780448092705
363 61 0.32107389813581094
363 382 0.35116678206150104
363 109 0.2548885483551238
364 152 0.043807990008849496
365 43 0.44106610781817873
365 383 0.4987778827319826
366 36 0.23414593581077947
367 251 0.42160564862787375
368 87 0.36520718888773074
369 211 0.3155199162630654
370 384 0.18715246620333104
370 211 0.16975697797530465
370 385 0.3645834905739918
371 386 0.4158264663000145
371 387 0.04105331905573778
372 301 0.1991605349559888
373 388 0.2240977470075946
374 33 0.2010551087371633
375 282 0.3632483385016187
376 60 0.0928365791895015
377 88 0.3786398970477241
378 263 0.008613445398163389
379 389 0.3562553280037282
380 390 0.45501237914587983
381 391 0.361328963172278
381 86 0.32137795480602493
381 158 0.1989099720680425
381 392 0.1715600963005643
381 393 0.06113348482324027
381 394 0.050917400559024384
382 391 0.32225951445842077
383 392 0.018709489638942978
384 83 0.44960491412470505
384 154 0.3726499433394713
384 343 0.28028027641444797
384 269 0.36257733658534114
384 262 0.311920254147685
384 353 0.34113656388680147
385 372 0.44282346800973865
386 161 0.09561123134504396
387 236 0.2529168790482662
388 395 0.16669836415659883
389 181 0.1142242130302284
390 396 0.22522530985732192
391 206 0.1443066943143102
392 277 0.13224261370226853
392 397 0.02089341638558867
392 398 0.3548819886207107
393 397 0.49408491066336496
394 399 0.31218107184562055
395 400 0.12793416189405654
396 401 0.13116824715980235
396 93 0.37017526995708144
396 402 0.30569777861463665
396 188 0.28839717011050997
396 110 0.13358563094500198
397 153 0.4287304726476192
397 403 0.20624250020847262
397 188 0.34876413372222714
397 332 0.40127770336889307
398 138 0.3588467732065366
398 304 0.12635294235058137
399 232 0.3010347467770844
400 46 0.2746133850331299
400 404 0.11637302339840205
401 24 0.07763115283610328
402 405 0.023134516480185774
403 406 0.12067816789369745
404 407 0.2351375835921265
404 408 0.11765524766371677
404 189 0.22799025313283122
404 55 0.01896300242606963
404 169 0.04682188973583229
404 51 0.3491969171446831
404 409 0.4589016353231177
404 73 0.28807157379692355
404 405 0.31815835447924584
404 406 0.1256458314721408
405 410 0.24411711761101496
405 55 0.16926161175471538
405 169 0.3656631058802283
405 411 0.3184481302746144
406 318 0.35666581423537774
406 189 0.3053961724503376
406 120 0.28102355199575374
407 51 0.22312696536074822
408 153 0.42602551537831507
409 95 0.20564527122599885
410 412 0.4785629879495061
410 369 0.02970167121873135
410 274 0.19304551887605914
410 413 0.43737919714398854
411 414 0.45353223455088
411 415 0.26228475836852877
411 416 0.4811059815847473
412 104 0.20138675695313452
412 106 0.46238371832770586
413 95 0.17326784490423663
413 218 0.32768262771975587
413 417 0.41204521923461535
413 418 0.02947529906866886
413 383 0.3465271765458488
413 419 0.10117611426416517
414 420 0.26438184923728597
414 388 0.3876451557956901
414 339 0.006375250013083367
414 421 0.3860061341073187
414 349 0.31438412763648077
414 320 0.3839161840183497
414 422 0.42531994712800836
415 407 0.16507157577419146
415 408 0.29680823382937443
416 290 0.03964681408936349
417 61 0.07186326534625237
418 79 0.13512469981846176
418 187 0.1786119136340083
419 44 0.3722978830780605
420 423 0.08947425502053591
420 424 0.32496015589904326
421 425 0.0010962803945417376
422 425 0.15030805553467352
423 425 0.05916609832398401
424 81 0.34499015212932216
424 47 0.3878107288447568
425 43 0.14385876955499144
425 95 0.3375033410509391
425 426 0.3274071979822402
425 427 0.024485257186023235
425 428 0.2037089313328065
425 429 0.4528650499258146
425 218 0.364898646414612
425 59 0.1749293497510198
425 430 0.040176939955939794
425 417 0.43490333737749576
425 96 0.44631602990903413
425 235 0.41384977593291056
425 431 0.2698494837498883
425 110 0.49618207498519185
425 419 0.1071334742833967
425 432 0.39280616027962195
425 317 0.24152117727212502
425 94 0.039594729526399364
426 398 0.2494595456595245
427 294 0.4442125175837576
428 433 0.4933947763597276
429 434 0.4411276604604684
430 435 0.003362176509970727
431 257 0.1824697215584219
432 33 0.14048079296332872
433 80 0.4708979445968632
434 436 0.4688162044971082
435 437 0.15377134529576453
435 39 0.3763773868573286
436 161 0.4102068941000762
437 405 0.4504448350187037
437 406 0.1363598422002788
438 87 0.49589627438323997
439 263 0.04881878441302007
439 14 0.38982542839484174
439 432 0.3459976874776201
440 181 0.26508131849680283
441 433 0.321515946960755
441 185 0.1384723278602017
442 438 0.11372058350466374
443 225 0.47102918294602636
444 78 0.3722994626018798
445 78 0.3011422718511135
446 78 0.48252575694792393
447 94 0.2730344074831372
448 241 0.19245532285288125
449 95 0.39219014621176385
449 21 0.28813119723160296
450 439 0.36621920533298874
451 114 0.1440762529106197
452 440 0.3297394319648495
452 117 0.0446483366541085
452 441 0.37201167379707273
453 442 0.13419546752377293
454 442 0.2408821681723467
454 390 0.2270521965170304
455 442 0.24758585791272386
456 67 0.1768359966053789
457 181 0.4705640999868628
458 443 0.29927721983824035
459 77 0.0496886105147083
460 413 0.40629290595005496
461 388 0.3011005717574272
462 62 0.3730759068354041
463 62 0.07549367528204998
464 62 0.48078498968586425
465 251 0.1349655214974611
466 54 0.20828289024556906
466 309 0.46536733717754214
466 242 0.1772656122150293
467 29 0.4662523240878084
468 112 0.07421538991319787
469 262 0.29824068380196067
470 249 0.19930140931447277
470 44 0.45084038301473967
471 22 0.23253048636934903
472 189 0.24355570708070207
472 444 0.119720935983194
472 445 0.1311546380437571
473 153 0.14884804787878497
474 446 0.29930802181527355
474 447 0.2967817388169304
474 389 0.4615075572277564
474 448 0.22458806933531394
474 449 0.15319373594609464
474 450 0.2870388928528817
474 219 0.22177562307054371
474 451 0.471416393541482
474 117 0.0810796206671317
475 14 0.3550231346032092
476 410 0.31335098721355453
476 405 0.11668144441288791
477 153 0.044313665288476134
478 243 0.08016200198695034
479 161 0.23860899484204223
480 30 0.01172159688791724
481 388 0.48219221109160515
481 262 0.17449570799339614
482 435 0.08525849296189869
483 339 0.15368116135171744
484 153 0.184880439586721
485 452 0.2715891245026395
486 29 0.08672105022097731
487 153 0.44939724864216757
488 447 0.3683828762221682
489 190 0.12500947519378608
490 453 0.06539453350618385
490 432 0.015229633373503138
491 451 0.4176752725743072
492 451 0.36835061451689216
493 50 0.2788905393849463
494 212 0.12264733330831701
495 13 0.09961047756432284
496 112 0.24691083517791712
497 454 0.08651956752570905
497 455 0.14702660131557277
497 28 0.08047799847941556
497 456 0.005330786409205701
497 43 0.16319379859011673
497 95 0.29974344688843607
497 383 0.28304287344409657
497 210 0.4338433488702975
497 287 0.4657242087608071
498 14 0.028839803701057876
499 19 0.005641631797708935
500 457 0.18530522801468058
501 458 0.07473243043938277
502 459 0.05050472819930124
502 460 0.21355728915705663
502 461 0.09447441239704357
502 458 0.33661859842059944
502 457 0.4763956897607488
503 344 0.27978790230650713
504 115 0.03214122998960239
505 116 0.15228114224149986
506 86 0.13494226406626647
507 356 0.4117412063514245
508 382 0.3106471081370573
509 361 0.11371420470004068
510 445 0.420662445011346
511 90 0.3162057013092783
511 172 0.4081245097560146
512 462 0.19244611857073557
512 463 0.12944917025077896
512 221 0.07687804029077094
513 464 0.16630760075090656
513 465 0.15763982186472725
514 384 0.06902978244705571
514 466 0.2343712604158794
514 467 0.14439354845350433
514 468 0.3313100379850609
514 469 0.37306574285856303
514 45 0.2175143085599926
514 46 0.32752501996263594
514 48 0.09708931075922822
514 49 0.48852518145263885
514 470 0.05541349064897855
514 320 0.2169094470350414
515 471 0.37312641665328794
515 472 0.09884908340819937
515 125 0.2580740049393638
515 299 0.3819667061855232
516 435 0.09749961571701865
517 97 0.14228259356384887
518 371 0.124499470493035
519 361 0.01652701232185677
520 36 0.31369695872287906
521 473 0.17288157007881422
522 155 0.39877578695535254
523 72 0.2727926548354391
524 295 0.20876101844367623
524 469 0.16090559675629346
525 61 0.31354490960709275
526 206 0.4043312741782545
527 61 0.4727064518496686
528 26 0.1293803816483648
529 370 0.016037733776403607
530 442 0.050377371295381446
531 474 0.38509979593403976
531 194 0.07008101043893672
531 195 0.3990555536396153
531 401 0.12812868984218695
531 475 0.19401995904215075
531 402 0.07690510399800937
531 196 0.147905634474566
531 110 0.38254148336440075
531 197 0.0013940140074604757
531 476 0.0719507650577989
532 477 0.4592939535309215
532 478 0.2443171637631173
533 198 0.13827848680407834
533 461 0.3032222555212993
533 196 0.3538483602152775
533 479 0.38987120551069127
533 360 0.27153346339837675
533 110 0.30919905799909053
534 480 0.20999938069135915
535 481 0.11433704938900541
536 204 0.17869110365475033
536 482 0.3652279153169692
536 53 0.2900258751226525
536 208 0.007737658766684641
536 47 0.26481855568784785
537 214 0.09276762505562314
538 297 0.1312445668027129
539 80 0.38212764768207247
540 483 0.13858794316271822
541 214 0.06579232537413293
542 78 0.48971936747772826
543 484 0.0028021200620540476
543 284 0.18037220591028807
543 485 0.4302914522144795
544 36 0.42120785016903145
545 36 0.2160293532927164
546 212 0.04105246605859014
547 296 0.15384741215898984
548 486 0.4589656884758881
549 487 0.4531963467278836
549 31 0.38955102889355814
549 52 0.3725937944840191
549 486 0.0952700480619238
549 121 0.4816993108364687
549 436 0.014870255272984412
549 60 0.27138332056494174
550 91 0.4883479020409077
551 452 0.20084898652528776
552 245 0.43359053227697975
553 219 0.3683218524562539
554 202 0.3029500195897371
555 393 0.287591338600946
556 42 0.08780494178447656
557 29 0.4797209820071172
558 370 0.2047431532902097
559 290 0.3660569808131188
560 318 0.052549318072685425
561 488 0.3109565989871778
561 489 0.44426324321014526
562 153 0.18895662974391836
563 14 0.02955643190674978
563 480 0.3686871417452125
564 480 0.30966846256484803
565 272 0.013538629798940105
566 43 0.06275183822853314
567 490 0.3936428409149655
567 82 0.1752521145629657
567 395 0.4006262075518589
568 35 0.33840180551504706
568 37 0.08789713687665557
569 50 0.27198605175907925
570 41 0.4795538449695042
571 67 0.3281213174416492
572 460 0.19533929465922506
572 461 0.04646595180130797
572 479 0.030640956161727073
572 491 0.08402092147243323
572 492 0.16497080463888963
572 360 0.49951996267932003
572 110 0.33311797455950065
573 441 0.18921756181881855
574 459 0.22809130903633573
575 438 0.3171148650784035
576 206 0.24005004785440454
577 191 0.04908535352620813
577 259 0.24748129813079323
577 443 0.30791704603620723
577 467 0.295579027963851
577 438 0.19001128980535487
578 23 0.3488581374686636
579 242 0.16705695894847894
580 60 0.42821784225441
581 493 0.10716832200714088
582 35 0.13893017539882319
583 494 0.05076036594206279
584 425 0.4577134827171922
584 119 0.16072140004199736
584 374 0.19116627703559613
585 246 0.21031068131699898
586 379 0.36081029455407887
587 26 0.027229008759975692
588 227 0.04680466154460483
589 187 0.19303696980730228
590 187 0.428760313995026
591 176 0.4486183609115563
592 495 0.3895009446145346
592 252 0.3840533438322749
592 253 0.22172175671998612
592 496 0.08682630202621455
592 497 0.13628671526552416
592 351 0.08641962574807399
592 352 0.46025399618123275
592 498 0.32648182050145064
592 353 0.32970569262655736
593 166 0.46016105982453787
594 344 0.02001180536320296
595 28 0.05624002579115389
596 499 0.00569579394033054
597 238 0.3175013177811607
598 216 0.4032110592056602
599 435 0.35453707941144125
600 500 0.42282956013782996
600 307 0.41324157058829913
600 244 0.35795969255341437
600 501 0.006084971862881483
601 438 0.34893134775858875
602 173 0.09132146663769142
603 19 0.2305033409269347
604 114 0.2595508101942632
605 437 0.3170530023153418
606 43 0.19901110669841027
607 56 0.37418694118021406
608 13 0.10169356870788598
609 122 0.42179191842741337
610 189 0.33517864428239635
611 296 0.40105034036718545
612 293 0.2071154347615763
613 59 0.4794043081313562
613 480 0.3351430684596746
613 419 0.1354793633577402
614 97 0.19616719959742634
615 294 0.44082588381512217
616 152 0.46626182725925014
617 290 0.4398015838842687
618 262 0.2882536712383755
619 257 0.02127967134592207
620 19 0.17035693707987798
621 136 0.26405459185140234
622 502 0.23240243589396004
623 290 0.43149980529409504
624 503 0.4287682298802578
625 138 0.1894408500345382
626 236 0.33910054009206386
627 504 0.25932417881222575
628 379 0.2633495469801779
629 206 0.4993265856432952
630 187 0.23896181650160442
631 87 0.12882087253124513
632 82 0.24878236250979469
633 174 0.08944415183445587
633 177 0.49458456896523467
634 177 0.14926519932963278
634 291 0.04594781682474042
635 505 0.4109869746460236
636 124 0.4527180326436213
636 63 0.40495538282219457
636 506 0.23256863962008584
637 95 0.3772672551803499
637 303 0.264095465131777
638 57 0.20555208617099685
639 87 0.0015096545239881576
640 245 0.46416497131689527
641 107 0.3256693367056062
642 507 0.07751798415087308
642 508 0.06551511296764218
642 505 0.26962542857727717
642 434 0.1459130616318195
642 344 0.4157348530994396
643 413 0.457924612627942
644 83 0.15274415775494005
645 394 0.2439842311572457
646 413 0.4434631804173146
647 28 0.21159802337014083
648 29 0.12017082261624923
649 502 0.277769218569223
649 94 0.27548961633817637
650 308 0.1993049861873551
651 87 0.05422339482385491
652 292 0.14291036911930538
652 174 0.06342008178839592
653 271 0.18392732158864522
654 332 0.36838147823132383
655 413 0.026301216963229235
656 453 0.05077902514557342
657 79 0.4775025560132992
658 234 0.40969948267110184
659 293 0.28160315557696325
659 442 0.2780028296346144
659 234 0.2605717115808198
659 141 0.391591006138957
659 142 0.14857496427270478
659 143 0.005703323102820679
659 81 0.4192908685812908
659 144 0.3640205472543123
659 509 0.45386264329412374
660 6 0.2936487825591371
661 14 0.11982874896854662
662 510 0.2221305384908604
662 112 0.4499898872707524
663 511 0.23195490254251933
663 400 0.2823864910723805
663 512 0.3492034420591408
664 513 0.36663257932979815
664 358 0.023272090405525192
665 14 0.2658823207042191
666 480 0.042990823854102356
666 280 0.23702511307524815
667 487 0.4078299166624618
668 187 0.02753495157715996
669 187 0.43996576995588493
670 236 0.11499724316577475
671 346 0.44303503934657795
672 161 0.011796432010818758
673 161 0.3877216407232587
674 289 0.031541046920539384
675 85 0.2850742695868235
676 316 0.3835344971586422
676 396 0.021321521013308753
677 78 0.17335849671809245
678 262 0.4587715964263253
679 100 0.33398727051778115
680 514 0.49141468151594825
680 515 0.12621014552585086
680 156 0.17058699532736432
680 254 0.46879258616980346
681 316 0.07656358161573162
681 514 0.28208250909551896
681 515 0.4101647939416783
681 297 0.3821399569909664
681 309 0.1805576022039183
682 316 0.2824796397313588
683 70 0.12841217011098116
684 97 0.016754894618609018
685 516 0.40459995636304863
686 274 0.09212450402802591
686 413 0.0638925259702886
686 516 0.27909042995258426
687 442 0.12408894024883532
688 442 0.4573704726940891
689 44 0.11904483423753481
690 517 0.2806825624722109
690 23 0.3092731648713595
690 348 0.22815079557198464
690 518 0.48962698616472544
690 183 0.38861407377246426
690 519 0.15285180785153352
690 160 0.11618608646291972
691 375 0.1423750409832637
692 495 0.26864278918031853
692 520 0.15111686106185063
693 99 0.46799614246263527
694 2 0.1788049635091531
695 95 0.07942357913183468
695 521 0.28352341003256604
695 417 0.49052596665236287
695 260 0.3435913691828836
695 376 0.1339095007460589
695 418 0.26658111841760057
695 140 0.4929226631197844
695 522 0.17077055071736053
695 110 0.2189284075082905
695 523 0.07814987540561635
695 424 0.25231494458431736
696 362 0.1318740923166018
696 524 0.49184527046120435
696 481 0.02020277885744509
696 525 0.46881207144786696
696 508 0.0301898709012991
696 364 0.1518956868726773
696 365 0.42103189875284514
696 526 0.0011206477473350573
696 527 0.3918321272345752
697 52 0.3007500041319055
698 153 0.3181194878714184
699 153 0.3251559492940625
700 233 0.2834150171388589
701 97 0.23989006196748597
702 528 0.3859123351871849
702 481 0.002049821090092885
703 365 0.15591754496325672
704 405 0.4790641698902202
705 529 0.27044137743244173
706 530 0.39266227357306416
707 192 0.026718847184450834
708 530 0.47506416922990236
709 168 0.30025047977932906
710 11 0.20503725328331351
711 60 0.47441494432496983
712 390 0.18612477936868355
713 126 0.49819947851811397
714 41 0.19262983666789563
715 531 0.25631156861615145
715 59 0.16654235035302745
715 417 0.0091227834857181
715 532 0.09139914013212541
715 490 0.22131453402969042
715 85 0.12273887898479052
715 140 0.3954365425914107
715 118 0.3483065992797071
715 533 0.22519287822991707
715 110 0.36395980922946336
715 419 0.34565747323688206
715 432 0.3423531936876724
716 5 0.29196403216559214
717 320 0.002945069200053163
718 494 0.23036012107937598
719 310 0.4874848552122392
719 435 0.48170630554801763
719 112 0.3302833649324892
720 435 0.13332004153083793
721 310 0.44558485132703785
722 169 0.012412582346032708
723 530 0.22139242898541966
723 534 0.3732722626972731
723 278 0.47194255565279203
724 444 0.4276388247583974
725 287 0.22473254228927125
726 153 0.014778160083369296
727 380 0.45880544920396954
728 321 0.49305747945745815
729 119 0.4690254798814003
729 263 0.12908516446712143
729 137 0.11493544784888482
729 277 0.3780616611797389
729 535 0.2583705892749512
729 167 0.12448722267290885
729 432 0.1228755017390501
729 261 0.22503874760491238
730 257 0.19420763230770577
731 379 0.24689429966877396
731 380 0.2644400114777731
732 378 0.4839162827104828
733 315 0.4204343784185174
734 221 0.166279833391569
735 300 0.05228328447958641
736 29 0.09926762110054316
736 243 0.48861966080511593
736 151 0.44403515752454303
736 294 0.20269469431199244
736 356 0.0085404805959724
736 399 0.40596814082850735
737 301 0.21313164657955924
738 203 0.36105268460649986
739 333 0.0018203180346396675
739 416 0.38831160604580556
740 311 0.03201112650056176
740 251 0.3752508370244128
740 416 0.1882705858030544
741 97 0.12539953818682964
742 290 0.24193464845920076
743 110 0.4335642081612924
744 515 0.24087872506730834
744 309 0.35530432062092715
745 514 0.13586357467797533
746 156 0.20967066840437298
746 254 0.07231226871494639
746 309 0.41909519696612924
747 40 0.17687604329152096
748 153 0.09870951151016244
749 227 0.17315692561190027
750 324 0.08071523785925006
751 271 0.11722543131251473
752 484 0.45515844560046737
753 114 0.3659555869725493
754 313 0.15260711730280968
755 370 0.2698838554083126
756 1 0.3557116400511092
757 332 0.4155232023746251
758 536 0.4894308705218606
758 537 0.010711402292202465
759 155 0.19932990812864892
760 63 0.08935403831929828
761 86 0.0801000029728362
762 315 0.47486398067718966
763 77 0.2493197363506645
763 538 0.06772803262725158
763 56 0.1907048539836062
763 345 0.33398154998259993
764 517 0.4667126346542856
764 503 0.14756467749127733
764 396 0.24059301551990003
765 468 0.4124957466200154
766 349 0.23629800151559865
767 130 0.32819775545702756
767 131 0.16837817249322162
767 494 0.3567778386462536
767 132 0.021909963491275275
767 134 0.3743485600432115
767 135 0.4683605153774893
768 19 0.3494683047286844
769 385 0.0918917072370814
770 87 0.30812842416414
771 342 0.12722871234188854
772 82 0.16420898995352046
773 11 0.3301839115614759
774 460 0.1452196737151908
774 110 0.07416397212433062
775 539 0.30055340490686094
775 110 0.3416697344155546
776 58 0.09563722193552437
776 110 0.41814739872550266
777 110 0.38767945588505415
778 540 0.15410815564612812
778 110 0.286348308818169
779 52 0.09093459887604621
779 439 0.1562915243049361
780 262 0.3058408930403173
781 24 0.443394759343473
782 14 0.4764050023372588
783 487 0.38328654935876144
783 31 0.25904620928854627
784 398 0.25288352503197964
785 53 0.07664382033753908
786 157 0.42362284440696474
787 104 0.08540952646252381
788 259 0.2047586417874162
788 173 0.06503373485982156
788 467 0.4367551584290383
788 541 0.08084621994590163
788 452 0.06447840474859073
789 541 0.09059053455130239
790 248 0.2732255245351962
791 248 0.14210179821192764
792 199 0.0920037768060245
793 378 0.49159807859278537
793 379 0.039568909116452056
794 378 0.01723877001110602
795 43 0.24115675766004385
796 50 0.4941844725121151
797 536 0.35809147210737136
797 368 0.001443410749231544
797 537 0.12513625764925768
797 387 0.23144847896805365
797 68 0.36800385461256685
797 71 0.19851676018894437
797 72 0.09766767410588129
798 189 0.2779118547977617
799 542 0.38044091968926935
800 509 0.33035836178971517
801 535 0.4179591416285579
802 114 0.22746614345295985
803 28 0.40649011742758506
804 217 0.4854376760273887
805 515 0.13981074285834466
806 22 0.0031375904282073264
807 116 0.04881524139698734
808 204 0.35468740376349334
809 347 0.020805183710016828
809 326 0.4156955674525345
809 160 0.01491437654176725
810 326 0.3425826501682585
811 235 0.30404258086493985
811 266 0.17342537639634586
811 543 0.02158145691868646
811 110 0.01745244272443236
811 544 0.030778190277056194
812 334 0.43909815875760544
812 112 0.34247651870614826
812 46 0.30521135259072424
812 545 0.15003421561474745
813 373 0.3400536533020485
814 166 0.3282481027518892
815 511 0.43093025186058753
815 513 0.15113774746335262
815 529 0.11800881087640158
815 546 0.264733068246374
815 308 0.13067474189614292
815 489 0.11435456036451624
815 473 0.25352443000943403
815 525 0.36161451435715847
815 400 0.05380025335131233
815 133 0.27615167486866166
815 359 0.3077573476585127
815 185 0.009825369416913143
815 47 0.06498738914574803
815 547 0.024053998507268193
815 548 0.13227975577646012
815 352 0.04828675000222393
815 549 0.39988739770280696
815 499 0.3658392486261435
815 550 0.4027025036270544
815 551 0.16353307299908404
