3618
3609
3594
3590
3574
3551
3535
3531
3518
3509
3498
3463
3453
3449
3428
3408
3386
3382
3373
3348
3347
3332
3330
3304
3299
3289
3284
3273
3268
3255
3253
3249
3179
3164
3159
3149
3136
3130
3108
3086
3082
3074
3073
3051
3013
3005
3000
2972
2961
2906
2882
3280
2871
2858
2856
2836
2829
2824
2814
2802
2781
2741
3554
2736
2657
2627
2626
2594
2583
2574
2537
3338
2520
2519
3312
2494
2478
2881
2472
2469
2465
2451
3241
2423
3203
2385
2381
3196
2378
2370
2340
2333
2328
2315
2307
2303
2293
2239
2230
2221
2206
2193
2180
2163
2139
2133
1127
2079
3521
1067
3323
460
1019
2854
1218
1789
973
575
1371
944
942
2984
939
2365
1138
1735
1324
976
2214
578
2924
879
1675
816
3046
2637
1001
1598
780
3177
723
3584
2357
721
3595
2368
323
2320
684
3543
2725
1089
293
2
604
596
1387
771
174
577
307
993
584
385
1579
190
277
233
45
468
164
3403
540
547
1542
3261
1625
2023
2508
872
3105
1469
225
1863
227
1722
495
589
1584
3419
1783
298
3526
1890
2773
1137
319
125
1042
2893
439
848
1445
3538
1084
266
3328
465
1659
614
1108
2943
1307
914
3335
2108
2377
1968
332
929
2355
1128
3067
1022
204
1840
3213
2804
350
1743
1123
1026
396
1623
444
2666
621
212
1439
2588
543
2566
1339
359
353
2796
1160
1359
367
149
967
2409
364
773
299
498
3474
3065
202
2037
810
983
3017
1381
3243
789
1983
941
532
3572
1527
931
1329
252
1217
1252
1664
1255
2495
1268
2912
1276
1284
2936
1300
1897
2122
1304
1691
2100
2150
1332
1357
591
1409
3097
2688
1461
422
2058
2693
1057
1466
1864
2288
1470
431
2067
1474
666
1484
1683
1491
3552
1916
1507
3176
1540
1548
1592
1596
1611
2051
1642
3288
1652
3340
2931
1704
926
1744
1751
2980
1753
1799
1820
193
1420
1829
3493
1857
1886
1912
3556
284
1511
1920
1960
1157
1975
2798
1980
2826
2008
798
2025
3256
802
2029
2030
2033
408
2044
2872
1645
2054
447
1674
2083
2093